5.000000000000000278e-02 1.250000000000000297e-04 0.000000000000000000e+00 0.000000000000000000e+00 0.000000000000000000e+00
5.000000000000000278e-02 5.349472099999998420e+01 0.000000000000000000e+00 0.000000000000000000e+00 0.000000000000000000e+00
5.000000000000000278e-02 1.069893169999999714e+02 0.000000000000000000e+00 0.000000000000000000e+00 0.000000000000000000e+00
5.000000000000000278e-02 1.604839129999999727e+02 0.000000000000000000e+00 0.000000000000000000e+00 0.000000000000000000e+00
5.000000000000000278e-02 2.139785089999999741e+02 0.000000000000000000e+00 0.000000000000000000e+00 0.000000000000000000e+00
5.000000000000000278e-02 2.674731049999999755e+02 0.000000000000000000e+00 0.000000000000000000e+00 0.000000000000000000e+00
5.000000000000000278e-02 3.209677009999999768e+02 1.290909090909090884e-01 0.000000000000000000e+00 0.000000000000000000e+00
5.000000000000000278e-02 3.744622969999999782e+02 1.590909090909090884e-01 0.000000000000000000e+00 0.000000000000000000e+00
5.000000000000000278e-02 4.279568929999999796e+02 4.545454545454545303e-01 1.590909090909090884e-01 0.000000000000000000e+00
5.000000000000000278e-02 4.814514889999999809e+02 7.045454545454545858e-01 2.500000000000000000e-01 0.000000000000000000e+00
5.000000000000000278e-02 5.349460849999999255e+02 8.409090909090909394e-01 4.545454545454545303e-01 9.090909090909091161e-02
5.000000000000000278e-02 5.884406809999999268e+02 1.000000000000000000e+00 7.727272727272727071e-01 2.045454545454545581e-01
5.000000000000000278e-02 6.419352769999999282e+02 1.000000000000000000e+00 8.409090909090909394e-01 4.318181818181818232e-01
5.000000000000000278e-02 6.954298729999999296e+02 1.000000000000000000e+00 9.090909090909090606e-01 5.000000000000000000e-01
5.000000000000000278e-02 7.489244689999999309e+02 1.000000000000000000e+00 9.545454545454545858e-01 7.500000000000000000e-01
5.000000000000000278e-02 8.024190649999999323e+02 1.000000000000000000e+00 1.000000000000000000e+00 8.181818181818182323e-01
5.000000000000000278e-02 8.559136609999999337e+02 1.000000000000000000e+00 1.000000000000000000e+00 9.090909090909090606e-01
5.000000000000000278e-02 9.094082569999999350e+02 1.000000000000000000e+00 1.000000000000000000e+00 9.772727272727272929e-01
5.000000000000000278e-02 9.599309309999998732e+02 1.000000000000000000e+00 1.000000000000000000e+00 9.772727272727272929e-01
5.000000000000000278e-02 1.010453604999999925e+03 1.000000000000000000e+00 1.000000000000000000e+00 1.000000000000000000e+00
2.088235294117647411e-01 1.250000000000000297e-04 0.000000000000000000e+00 0.000000000000000000e+00 0.000000000000000000e+00
2.088235294117647411e-01 9.440235323529410039e+01 0.000000000000000000e+00 0.000000000000000000e+00 0.000000000000000000e+00
2.088235294117647411e-01 1.888045814705882037e+02 0.000000000000000000e+00 0.000000000000000000e+00 0.000000000000000000e+00
2.088235294117647411e-01 2.832068097058822786e+02 0.000000000000000000e+00 0.000000000000000000e+00 0.000000000000000000e+00
2.088235294117647411e-01 3.776090379411763820e+02 2.954545454545454697e-01 0.000000000000000000e+00 0.000000000000000000e+00
2.088235294117647411e-01 4.720112661764704853e+02 6.590909090909090606e-01 6.818181818181817677e-02 0.000000000000000000e+00
2.088235294117647411e-01 5.664134944117645318e+02 9.772727272727272929e-01 3.181818181818181768e-01 1.590909090909090884e-01
2.088235294117647411e-01 6.608157226470586920e+02 1.000000000000000000e+00 8.181818181818182323e-01 5.909090909090909394e-01
2.088235294117647411e-01 7.552179508823528522e+02 1.000000000000000000e+00 8.863636363636363535e-01 7.500000000000000000e-01
2.088235294117647411e-01 8.496201791176470124e+02 1.000000000000000000e+00 1.000000000000000000e+00 9.090909090909090606e-01
2.088235294117647411e-01 9.440224073529411726e+02 1.000000000000000000e+00 1.000000000000000000e+00 9.545454545454545858e-01
2.088235294117647411e-01 1.038424635588235333e+03 1.000000000000000000e+00 1.000000000000000000e+00 1.000000000000000000e+00
2.088235294117647411e-01 1.132826863823529493e+03 1.000000000000000000e+00 1.000000000000000000e+00 1.000000000000000000e+00
2.088235294117647411e-01 1.227229092058823653e+03 1.000000000000000000e+00 1.000000000000000000e+00 1.000000000000000000e+00
2.088235294117647411e-01 1.321631320294117813e+03 1.000000000000000000e+00 1.000000000000000000e+00 1.000000000000000000e+00
2.088235294117647411e-01 1.416033548529411974e+03 1.000000000000000000e+00 1.000000000000000000e+00 1.000000000000000000e+00
2.088235294117647411e-01 1.510435776764706134e+03 1.000000000000000000e+00 1.000000000000000000e+00 1.000000000000000000e+00
2.088235294117647411e-01 1.604838005000000294e+03 1.000000000000000000e+00 1.000000000000000000e+00 1.000000000000000000e+00
2.088235294117647411e-01 1.693995665000000372e+03 1.000000000000000000e+00 1.000000000000000000e+00 1.000000000000000000e+00
2.088235294117647411e-01 1.783153325000000223e+03 1.000000000000000000e+00 1.000000000000000000e+00 1.000000000000000000e+00
3.676470588235294379e-01 1.250000000000000297e-04 6.136363636363636465e-01 0.000000000000000000e+00 0.000000000000000000e+00
3.676470588235294379e-01 9.440235323529410039e+01 6.136363636363636465e-01 0.000000000000000000e+00 0.000000000000000000e+00
3.676470588235294379e-01 1.888045814705882037e+02 6.136363636363636465e-01 0.000000000000000000e+00 0.000000000000000000e+00
3.676470588235294379e-01 2.832068097058822786e+02 6.590909090909090606e-01 2.272727272727272790e-02 0.000000000000000000e+00
3.676470588235294379e-01 3.776090379411763820e+02 7.954545454545454142e-01 4.545454545454545581e-02 0.000000000000000000e+00
3.676470588235294379e-01 4.720112661764704853e+02 9.545454545454545858e-01 2.272727272727272652e-01 2.272727272727272790e-02
3.676470588235294379e-01 5.664134944117645318e+02 9.772727272727272929e-01 5.909090909090909394e-01 1.818181818181818232e-01
3.676470588235294379e-01 6.608157226470586920e+02 1.000000000000000000e+00 9.090909090909090606e-01 6.136363636363636465e-01
3.676470588235294379e-01 7.552179508823528522e+02 1.000000000000000000e+00 9.772727272727272929e-01 7.500000000000000000e-01
3.676470588235294379e-01 8.496201791176470124e+02 1.000000000000000000e+00 1.000000000000000000e+00 8.636363636363636465e-01
3.676470588235294379e-01 9.440224073529411726e+02 1.000000000000000000e+00 1.000000000000000000e+00 9.772727272727272929e-01
3.676470588235294379e-01 1.038424635588235333e+03 1.000000000000000000e+00 1.000000000000000000e+00 1.000000000000000000e+00
3.676470588235294379e-01 1.132826863823529493e+03 1.000000000000000000e+00 1.000000000000000000e+00 1.000000000000000000e+00
3.676470588235294379e-01 1.227229092058823653e+03 1.000000000000000000e+00 1.000000000000000000e+00 1.000000000000000000e+00
3.676470588235294379e-01 1.321631320294117813e+03 1.000000000000000000e+00 1.000000000000000000e+00 1.000000000000000000e+00
3.676470588235294379e-01 1.416033548529411974e+03 1.000000000000000000e+00 1.000000000000000000e+00 1.000000000000000000e+00
3.676470588235294379e-01 1.510435776764706134e+03 1.000000000000000000e+00 1.000000000000000000e+00 1.000000000000000000e+00
3.676470588235294379e-01 1.604838005000000294e+03 1.000000000000000000e+00 1.000000000000000000e+00 1.000000000000000000e+00
3.676470588235294379e-01 1.693995665000000372e+03 1.000000000000000000e+00 1.000000000000000000e+00 1.000000000000000000e+00
3.676470588235294379e-01 1.783153325000000223e+03 1.000000000000000000e+00 1.000000000000000000e+00 1.000000000000000000e+00
5.264705882352941346e-01 1.250000000000000297e-04 1.000000000000000000e+00 1.363636363636363535e-01 0.000000000000000000e+00
5.264705882352941346e-01 9.440235323529410039e+01 1.000000000000000000e+00 1.363636363636363535e-01 0.000000000000000000e+00
5.264705882352941346e-01 1.888045814705882037e+02 1.000000000000000000e+00 1.363636363636363535e-01 0.000000000000000000e+00
5.264705882352941346e-01 2.832068097058822786e+02 1.000000000000000000e+00 1.363636363636363535e-01 0.000000000000000000e+00
5.264705882352941346e-01 3.776090379411763820e+02 1.000000000000000000e+00 2.500000000000000000e-01 0.000000000000000000e+00
5.264705882352941346e-01 4.720112661764704853e+02 1.000000000000000000e+00 5.681818181818182323e-01 2.272727272727272790e-02
5.264705882352941346e-01 5.664134944117645318e+02 1.000000000000000000e+00 7.954545454545454142e-01 1.818181818181818232e-01
5.264705882352941346e-01 6.608157226470586920e+02 1.000000000000000000e+00 8.863636363636363535e-01 4.545454545454545303e-01
5.264705882352941346e-01 7.552179508823528522e+02 1.000000000000000000e+00 1.000000000000000000e+00 7.500000000000000000e-01
5.264705882352941346e-01 8.496201791176470124e+02 1.000000000000000000e+00 1.000000000000000000e+00 9.090909090909090606e-01
5.264705882352941346e-01 9.440224073529411726e+02 1.000000000000000000e+00 1.000000000000000000e+00 1.000000000000000000e+00
5.264705882352941346e-01 1.038424635588235333e+03 1.000000000000000000e+00 1.000000000000000000e+00 1.000000000000000000e+00
5.264705882352941346e-01 1.132826863823529493e+03 1.000000000000000000e+00 1.000000000000000000e+00 1.000000000000000000e+00
5.264705882352941346e-01 1.227229092058823653e+03 1.000000000000000000e+00 1.000000000000000000e+00 1.000000000000000000e+00
5.264705882352941346e-01 1.321631320294117813e+03 1.000000000000000000e+00 1.000000000000000000e+00 1.000000000000000000e+00
5.264705882352941346e-01 1.416033548529411974e+03 1.000000000000000000e+00 1.000000000000000000e+00 1.000000000000000000e+00
5.264705882352941346e-01 1.510435776764706134e+03 1.000000000000000000e+00 1.000000000000000000e+00 1.000000000000000000e+00
5.264705882352941346e-01 1.604838005000000294e+03 1.000000000000000000e+00 1.000000000000000000e+00 1.000000000000000000e+00
5.264705882352941346e-01 1.693995665000000372e+03 1.000000000000000000e+00 1.000000000000000000e+00 1.000000000000000000e+00
5.264705882352941346e-01 1.783153325000000223e+03 1.000000000000000000e+00 1.000000000000000000e+00 1.000000000000000000e+00
6.852941176470588314e-01 1.250000000000000297e-04 1.000000000000000000e+00 4.318181818181818232e-01 2.272727272727272790e-02
6.852941176470588314e-01 9.440235323529410039e+01 1.000000000000000000e+00 4.318181818181818232e-01 2.272727272727272790e-02
6.852941176470588314e-01 1.888045814705882037e+02 1.000000000000000000e+00 4.318181818181818232e-01 4.545454545454545581e-02
6.852941176470588314e-01 2.832068097058822786e+02 1.000000000000000000e+00 4.545454545454545303e-01 4.545454545454545581e-02
6.852941176470588314e-01 3.776090379411763820e+02 1.000000000000000000e+00 4.772727272727272929e-01 4.545454545454545581e-02
6.852941176470588314e-01 4.720112661764704853e+02 1.000000000000000000e+00 6.136363636363636465e-01 1.818181818181818232e-01
6.852941176470588314e-01 5.664134944117645318e+02 1.000000000000000000e+00 8.409090909090909394e-01 4.090909090909091161e-01
6.852941176470588314e-01 6.608157226470586920e+02 1.000000000000000000e+00 9.545454545454545858e-01 5.909090909090909394e-01
6.852941176470588314e-01 7.552179508823528522e+02 1.000000000000000000e+00 9.545454545454545858e-01 6.363636363636363535e-01
6.852941176470588314e-01 8.496201791176470124e+02 1.000000000000000000e+00 1.000000000000000000e+00 9.318181818181817677e-01
6.852941176470588314e-01 9.440224073529411726e+02 1.000000000000000000e+00 1.000000000000000000e+00 9.772727272727272929e-01
6.852941176470588314e-01 1.038424635588235333e+03 1.000000000000000000e+00 1.000000000000000000e+00 1.000000000000000000e+00
6.852941176470588314e-01 1.132826863823529493e+03 1.000000000000000000e+00 1.000000000000000000e+00 1.000000000000000000e+00
6.852941176470588314e-01 1.227229092058823653e+03 1.000000000000000000e+00 1.000000000000000000e+00 1.000000000000000000e+00
6.852941176470588314e-01 1.321631320294117813e+03 1.000000000000000000e+00 1.000000000000000000e+00 1.000000000000000000e+00
6.852941176470588314e-01 1.416033548529411974e+03 1.000000000000000000e+00 1.000000000000000000e+00 1.000000000000000000e+00
6.852941176470588314e-01 1.510435776764706134e+03 1.000000000000000000e+00 1.000000000000000000e+00 1.000000000000000000e+00
6.852941176470588314e-01 1.604838005000000294e+03 1.000000000000000000e+00 1.000000000000000000e+00 1.000000000000000000e+00
6.852941176470588314e-01 1.693995665000000372e+03 1.000000000000000000e+00 1.000000000000000000e+00 1.000000000000000000e+00
6.852941176470588314e-01 1.783153325000000223e+03 1.000000000000000000e+00 1.000000000000000000e+00 1.000000000000000000e+00
8.441176470588235281e-01 1.250000000000000297e-04 1.000000000000000000e+00 6.363636363636363535e-01 1.590909090909090884e-01
8.441176470588235281e-01 9.440235323529410039e+01 1.000000000000000000e+00 6.363636363636363535e-01 1.590909090909090884e-01
8.441176470588235281e-01 1.888045814705882037e+02 1.000000000000000000e+00 6.363636363636363535e-01 1.590909090909090884e-01
8.441176470588235281e-01 2.832068097058822786e+02 1.000000000000000000e+00 6.818181818181817677e-01 1.590909090909090884e-01
8.441176470588235281e-01 3.776090379411763820e+02 1.000000000000000000e+00 6.818181818181817677e-01 2.272727272727272652e-01
8.441176470588235281e-01 4.720112661764704853e+02 1.000000000000000000e+00 8.181818181818182323e-01 2.954545454545454697e-01
8.441176470588235281e-01 5.664134944117645318e+02 1.000000000000000000e+00 9.318181818181817677e-01 4.318181818181818232e-01
8.441176470588235281e-01 6.608157226470586920e+02 1.000000000000000000e+00 9.772727272727272929e-01 7.272727272727272929e-01
8.441176470588235281e-01 7.552179508823528522e+02 1.000000000000000000e+00 9.772727272727272929e-01 8.863636363636363535e-01
8.441176470588235281e-01 8.496201791176470124e+02 1.000000000000000000e+00 1.000000000000000000e+00 9.545454545454545858e-01
8.441176470588235281e-01 9.440224073529411726e+02 1.000000000000000000e+00 1.000000000000000000e+00 1.000000000000000000e+00
8.441176470588235281e-01 1.038424635588235333e+03 1.000000000000000000e+00 1.000000000000000000e+00 1.000000000000000000e+00
8.441176470588235281e-01 1.132826863823529493e+03 1.000000000000000000e+00 1.000000000000000000e+00 1.000000000000000000e+00
8.441176470588235281e-01 1.227229092058823653e+03 1.000000000000000000e+00 1.000000000000000000e+00 1.000000000000000000e+00
8.441176470588235281e-01 1.321631320294117813e+03 1.000000000000000000e+00 1.000000000000000000e+00 1.000000000000000000e+00
8.441176470588235281e-01 1.416033548529411974e+03 1.000000000000000000e+00 1.000000000000000000e+00 1.000000000000000000e+00
8.441176470588235281e-01 1.510435776764706134e+03 1.000000000000000000e+00 1.000000000000000000e+00 1.000000000000000000e+00
8.441176470588235281e-01 1.604838005000000294e+03 1.000000000000000000e+00 1.000000000000000000e+00 1.000000000000000000e+00
8.441176470588235281e-01 1.693995665000000372e+03 1.000000000000000000e+00 1.000000000000000000e+00 1.000000000000000000e+00
8.441176470588235281e-01 1.783153325000000223e+03 1.000000000000000000e+00 1.000000000000000000e+00 1.000000000000000000e+00
1.002941176470588225e+00 1.250000000000000297e-04 1.000000000000000000e+00 8.409090909090909394e-01 2.045454545454545581e-01
1.002941176470588225e+00 9.440235323529410039e+01 1.000000000000000000e+00 8.409090909090909394e-01 2.045454545454545581e-01
1.002941176470588225e+00 1.888045814705882037e+02 1.000000000000000000e+00 8.409090909090909394e-01 2.500000000000000000e-01
1.002941176470588225e+00 2.832068097058822786e+02 1.000000000000000000e+00 8.409090909090909394e-01 2.500000000000000000e-01
1.002941176470588225e+00 3.776090379411763820e+02 1.000000000000000000e+00 8.409090909090909394e-01 2.954545454545454697e-01
1.002941176470588225e+00 4.720112661764704853e+02 1.000000000000000000e+00 9.318181818181817677e-01 4.090909090909091161e-01
1.002941176470588225e+00 5.664134944117645318e+02 1.000000000000000000e+00 9.545454545454545858e-01 5.454545454545454142e-01
1.002941176470588225e+00 6.608157226470586920e+02 1.000000000000000000e+00 9.772727272727272929e-01 7.727272727272727071e-01
1.002941176470588225e+00 7.552179508823528522e+02 1.000000000000000000e+00 1.000000000000000000e+00 9.545454545454545858e-01
1.002941176470588225e+00 8.496201791176470124e+02 1.000000000000000000e+00 1.000000000000000000e+00 1.000000000000000000e+00
1.002941176470588225e+00 9.440224073529411726e+02 1.000000000000000000e+00 1.000000000000000000e+00 1.000000000000000000e+00
1.002941176470588225e+00 1.038424635588235333e+03 1.000000000000000000e+00 1.000000000000000000e+00 1.000000000000000000e+00
1.002941176470588225e+00 1.132826863823529493e+03 1.000000000000000000e+00 1.000000000000000000e+00 1.000000000000000000e+00
1.002941176470588225e+00 1.227229092058823653e+03 1.000000000000000000e+00 1.000000000000000000e+00 1.000000000000000000e+00
1.002941176470588225e+00 1.321631320294117813e+03 1.000000000000000000e+00 1.000000000000000000e+00 1.000000000000000000e+00
1.002941176470588225e+00 1.416033548529411974e+03 1.000000000000000000e+00 1.000000000000000000e+00 1.000000000000000000e+00
1.002941176470588225e+00 1.510435776764706134e+03 1.000000000000000000e+00 1.000000000000000000e+00 1.000000000000000000e+00
1.002941176470588225e+00 1.604838005000000294e+03 1.000000000000000000e+00 1.000000000000000000e+00 1.000000000000000000e+00
1.002941176470588225e+00 1.693995665000000372e+03 1.000000000000000000e+00 1.000000000000000000e+00 1.000000000000000000e+00
1.002941176470588225e+00 1.783153325000000223e+03 1.000000000000000000e+00 1.000000000000000000e+00 1.000000000000000000e+00
1.161764705882353033e+00 1.250000000000000297e-04 1.000000000000000000e+00 9.318181818181817677e-01 2.954545454545454697e-01
1.161764705882353033e+00 9.440235323529410039e+01 1.000000000000000000e+00 9.318181818181817677e-01 3.181818181818181768e-01
1.161764705882353033e+00 1.888045814705882037e+02 1.000000000000000000e+00 9.545454545454545858e-01 3.863636363636363535e-01
1.161764705882353033e+00 2.832068097058822786e+02 1.000000000000000000e+00 9.545454545454545858e-01 4.318181818181818232e-01
1.161764705882353033e+00 3.776090379411763820e+02 1.000000000000000000e+00 9.545454545454545858e-01 5.000000000000000000e-01
1.161764705882353033e+00 4.720112661764704853e+02 1.000000000000000000e+00 9.545454545454545858e-01 6.136363636363636465e-01
1.161764705882353033e+00 5.664134944117645318e+02 1.000000000000000000e+00 9.545454545454545858e-01 7.045454545454545858e-01
1.161764705882353033e+00 6.608157226470586920e+02 1.000000000000000000e+00 1.000000000000000000e+00 8.409090909090909394e-01
1.161764705882353033e+00 7.552179508823528522e+02 1.000000000000000000e+00 1.000000000000000000e+00 9.545454545454545858e-01
1.161764705882353033e+00 8.496201791176470124e+02 1.000000000000000000e+00 1.000000000000000000e+00 1.000000000000000000e+00
1.161764705882353033e+00 9.440224073529411726e+02 1.000000000000000000e+00 1.000000000000000000e+00 1.000000000000000000e+00
1.161764705882353033e+00 1.038424635588235333e+03 1.000000000000000000e+00 1.000000000000000000e+00 1.000000000000000000e+00
1.161764705882353033e+00 1.132826863823529493e+03 1.000000000000000000e+00 1.000000000000000000e+00 1.000000000000000000e+00
1.161764705882353033e+00 1.227229092058823653e+03 1.000000000000000000e+00 1.000000000000000000e+00 1.000000000000000000e+00
1.161764705882353033e+00 1.321631320294117813e+03 1.000000000000000000e+00 1.000000000000000000e+00 1.000000000000000000e+00
1.161764705882353033e+00 1.416033548529411974e+03 1.000000000000000000e+00 1.000000000000000000e+00 1.000000000000000000e+00
1.161764705882353033e+00 1.510435776764706134e+03 1.000000000000000000e+00 1.000000000000000000e+00 1.000000000000000000e+00
1.161764705882353033e+00 1.604838005000000294e+03 1.000000000000000000e+00 1.000000000000000000e+00 1.000000000000000000e+00
1.161764705882353033e+00 1.693995665000000372e+03 1.000000000000000000e+00 1.000000000000000000e+00 1.000000000000000000e+00
1.161764705882353033e+00 1.783153325000000223e+03 1.000000000000000000e+00 1.000000000000000000e+00 1.000000000000000000e+00
1.320588235294117840e+00 1.250000000000000297e-04 1.000000000000000000e+00 9.545454545454545858e-01 3.636363636363636465e-01
1.320588235294117840e+00 9.440235323529410039e+01 1.000000000000000000e+00 9.545454545454545858e-01 3.636363636363636465e-01
1.320588235294117840e+00 1.888045814705882037e+02 1.000000000000000000e+00 9.545454545454545858e-01 4.090909090909091161e-01
1.320588235294117840e+00 2.832068097058822786e+02 1.000000000000000000e+00 9.545454545454545858e-01 3.863636363636363535e-01
1.320588235294117840e+00 3.776090379411763820e+02 1.000000000000000000e+00 9.545454545454545858e-01 5.000000000000000000e-01
1.320588235294117840e+00 4.720112661764704853e+02 1.000000000000000000e+00 9.545454545454545858e-01 5.454545454545454142e-01
1.320588235294117840e+00 5.664134944117645318e+02 1.000000000000000000e+00 1.000000000000000000e+00 7.954545454545454142e-01
1.320588235294117840e+00 6.608157226470586920e+02 1.000000000000000000e+00 1.000000000000000000e+00 8.409090909090909394e-01
1.320588235294117840e+00 7.552179508823528522e+02 1.000000000000000000e+00 1.000000000000000000e+00 9.318181818181817677e-01
1.320588235294117840e+00 8.496201791176470124e+02 1.000000000000000000e+00 1.000000000000000000e+00 9.772727272727272929e-01
1.320588235294117840e+00 9.440224073529411726e+02 1.000000000000000000e+00 1.000000000000000000e+00 1.000000000000000000e+00
1.320588235294117840e+00 1.038424635588235333e+03 1.000000000000000000e+00 1.000000000000000000e+00 1.000000000000000000e+00
1.320588235294117840e+00 1.132826863823529493e+03 1.000000000000000000e+00 1.000000000000000000e+00 1.000000000000000000e+00
1.320588235294117840e+00 1.227229092058823653e+03 1.000000000000000000e+00 1.000000000000000000e+00 1.000000000000000000e+00
1.320588235294117840e+00 1.321631320294117813e+03 1.000000000000000000e+00 1.000000000000000000e+00 1.000000000000000000e+00
1.320588235294117840e+00 1.416033548529411974e+03 1.000000000000000000e+00 1.000000000000000000e+00 1.000000000000000000e+00
1.320588235294117840e+00 1.510435776764706134e+03 1.000000000000000000e+00 1.000000000000000000e+00 1.000000000000000000e+00
1.320588235294117840e+00 1.604838005000000294e+03 1.000000000000000000e+00 1.000000000000000000e+00 1.000000000000000000e+00
1.320588235294117840e+00 1.693995665000000372e+03 1.000000000000000000e+00 1.000000000000000000e+00 1.000000000000000000e+00
1.320588235294117840e+00 1.783153325000000223e+03 1.000000000000000000e+00 1.000000000000000000e+00 1.000000000000000000e+00
1.479411764705882648e+00 1.250000000000000297e-04 1.000000000000000000e+00 9.772727272727272929e-01 6.136363636363636465e-01
1.479411764705882648e+00 9.440235323529410039e+01 1.000000000000000000e+00 9.772727272727272929e-01 6.363636363636363535e-01
1.479411764705882648e+00 1.888045814705882037e+02 1.000000000000000000e+00 9.772727272727272929e-01 6.363636363636363535e-01
1.479411764705882648e+00 2.832068097058822786e+02 1.000000000000000000e+00 9.772727272727272929e-01 6.590909090909090606e-01
1.479411764705882648e+00 3.776090379411763820e+02 1.000000000000000000e+00 9.772727272727272929e-01 6.818181818181817677e-01
1.479411764705882648e+00 4.720112661764704853e+02 1.000000000000000000e+00 9.772727272727272929e-01 7.272727272727272929e-01
1.479411764705882648e+00 5.664134944117645318e+02 1.000000000000000000e+00 1.000000000000000000e+00 8.181818181818182323e-01
1.479411764705882648e+00 6.608157226470586920e+02 1.000000000000000000e+00 1.000000000000000000e+00 9.090909090909090606e-01
1.479411764705882648e+00 7.552179508823528522e+02 1.000000000000000000e+00 1.000000000000000000e+00 9.772727272727272929e-01
1.479411764705882648e+00 8.496201791176470124e+02 1.000000000000000000e+00 1.000000000000000000e+00 1.000000000000000000e+00
1.479411764705882648e+00 9.440224073529411726e+02 1.000000000000000000e+00 1.000000000000000000e+00 1.000000000000000000e+00
1.479411764705882648e+00 1.038424635588235333e+03 1.000000000000000000e+00 1.000000000000000000e+00 1.000000000000000000e+00
1.479411764705882648e+00 1.132826863823529493e+03 1.000000000000000000e+00 1.000000000000000000e+00 1.000000000000000000e+00
1.479411764705882648e+00 1.227229092058823653e+03 1.000000000000000000e+00 1.000000000000000000e+00 1.000000000000000000e+00
1.479411764705882648e+00 1.321631320294117813e+03 1.000000000000000000e+00 1.000000000000000000e+00 1.000000000000000000e+00
1.479411764705882648e+00 1.416033548529411974e+03 1.000000000000000000e+00 1.000000000000000000e+00 1.000000000000000000e+00
1.479411764705882648e+00 1.510435776764706134e+03 1.000000000000000000e+00 1.000000000000000000e+00 1.000000000000000000e+00
1.479411764705882648e+00 1.604838005000000294e+03 1.000000000000000000e+00 1.000000000000000000e+00 1.000000000000000000e+00
1.479411764705882648e+00 1.693995665000000372e+03 1.000000000000000000e+00 1.000000000000000000e+00 1.000000000000000000e+00
1.479411764705882648e+00 1.783153325000000223e+03 1.000000000000000000e+00 1.000000000000000000e+00 1.000000000000000000e+00
1.638235294117647456e+00 1.250000000000000297e-04 1.000000000000000000e+00 1.000000000000000000e+00 6.363636363636363535e-01
1.638235294117647456e+00 9.440235323529410039e+01 1.000000000000000000e+00 1.000000000000000000e+00 6.590909090909090606e-01
1.638235294117647456e+00 1.888045814705882037e+02 1.000000000000000000e+00 1.000000000000000000e+00 6.590909090909090606e-01
1.638235294117647456e+00 2.832068097058822786e+02 1.000000000000000000e+00 1.000000000000000000e+00 6.590909090909090606e-01
1.638235294117647456e+00 3.776090379411763820e+02 1.000000000000000000e+00 1.000000000000000000e+00 6.818181818181817677e-01
1.638235294117647456e+00 4.720112661764704853e+02 1.000000000000000000e+00 1.000000000000000000e+00 7.727272727272727071e-01
1.638235294117647456e+00 5.664134944117645318e+02 1.000000000000000000e+00 1.000000000000000000e+00 8.409090909090909394e-01
1.638235294117647456e+00 6.608157226470586920e+02 1.000000000000000000e+00 1.000000000000000000e+00 9.090909090909090606e-01
1.638235294117647456e+00 7.552179508823528522e+02 1.000000000000000000e+00 1.000000000000000000e+00 9.545454545454545858e-01
1.638235294117647456e+00 8.496201791176470124e+02 1.000000000000000000e+00 1.000000000000000000e+00 9.545454545454545858e-01
1.638235294117647456e+00 9.440224073529411726e+02 1.000000000000000000e+00 1.000000000000000000e+00 9.772727272727272929e-01
1.638235294117647456e+00 1.038424635588235333e+03 1.000000000000000000e+00 1.000000000000000000e+00 1.000000000000000000e+00
1.638235294117647456e+00 1.132826863823529493e+03 1.000000000000000000e+00 1.000000000000000000e+00 1.000000000000000000e+00
1.638235294117647456e+00 1.227229092058823653e+03 1.000000000000000000e+00 1.000000000000000000e+00 1.000000000000000000e+00
1.638235294117647456e+00 1.321631320294117813e+03 1.000000000000000000e+00 1.000000000000000000e+00 1.000000000000000000e+00
1.638235294117647456e+00 1.416033548529411974e+03 1.000000000000000000e+00 1.000000000000000000e+00 1.000000000000000000e+00
1.638235294117647456e+00 1.510435776764706134e+03 1.000000000000000000e+00 1.000000000000000000e+00 1.000000000000000000e+00
1.638235294117647456e+00 1.604838005000000294e+03 1.000000000000000000e+00 1.000000000000000000e+00 1.000000000000000000e+00
1.638235294117647456e+00 1.693995665000000372e+03 1.000000000000000000e+00 1.000000000000000000e+00 1.000000000000000000e+00
1.638235294117647456e+00 1.783153325000000223e+03 1.000000000000000000e+00 1.000000000000000000e+00 1.000000000000000000e+00
1.797058823529412264e+00 1.250000000000000297e-04 1.000000000000000000e+00 1.000000000000000000e+00 7.500000000000000000e-01
1.797058823529412264e+00 9.440235323529410039e+01 1.000000000000000000e+00 1.000000000000000000e+00 7.727272727272727071e-01
1.797058823529412264e+00 1.888045814705882037e+02 1.000000000000000000e+00 1.000000000000000000e+00 7.727272727272727071e-01
1.797058823529412264e+00 2.832068097058822786e+02 1.000000000000000000e+00 1.000000000000000000e+00 7.727272727272727071e-01
1.797058823529412264e+00 3.776090379411763820e+02 1.000000000000000000e+00 1.000000000000000000e+00 8.636363636363636465e-01
1.797058823529412264e+00 4.720112661764704853e+02 1.000000000000000000e+00 1.000000000000000000e+00 9.090909090909090606e-01
1.797058823529412264e+00 5.664134944117645318e+02 1.000000000000000000e+00 1.000000000000000000e+00 9.090909090909090606e-01
1.797058823529412264e+00 6.608157226470586920e+02 1.000000000000000000e+00 1.000000000000000000e+00 1.000000000000000000e+00
1.797058823529412264e+00 7.552179508823528522e+02 1.000000000000000000e+00 1.000000000000000000e+00 1.000000000000000000e+00
1.797058823529412264e+00 8.496201791176470124e+02 1.000000000000000000e+00 1.000000000000000000e+00 1.000000000000000000e+00
1.797058823529412264e+00 9.440224073529411726e+02 1.000000000000000000e+00 1.000000000000000000e+00 1.000000000000000000e+00
1.797058823529412264e+00 1.038424635588235333e+03 1.000000000000000000e+00 1.000000000000000000e+00 1.000000000000000000e+00
1.797058823529412264e+00 1.132826863823529493e+03 1.000000000000000000e+00 1.000000000000000000e+00 1.000000000000000000e+00
1.797058823529412264e+00 1.227229092058823653e+03 1.000000000000000000e+00 1.000000000000000000e+00 1.000000000000000000e+00
1.797058823529412264e+00 1.321631320294117813e+03 1.000000000000000000e+00 1.000000000000000000e+00 1.000000000000000000e+00
1.797058823529412264e+00 1.416033548529411974e+03 1.000000000000000000e+00 1.000000000000000000e+00 1.000000000000000000e+00
1.797058823529412264e+00 1.510435776764706134e+03 1.000000000000000000e+00 1.000000000000000000e+00 1.000000000000000000e+00
1.797058823529412264e+00 1.604838005000000294e+03 1.000000000000000000e+00 1.000000000000000000e+00 1.000000000000000000e+00
1.797058823529412264e+00 1.693995665000000372e+03 1.000000000000000000e+00 1.000000000000000000e+00 1.000000000000000000e+00
1.797058823529412264e+00 1.783153325000000223e+03 1.000000000000000000e+00 1.000000000000000000e+00 1.000000000000000000e+00
1.955882352941177071e+00 1.250000000000000297e-04 1.000000000000000000e+00 1.000000000000000000e+00 8.181818181818182323e-01
1.955882352941177071e+00 9.440235323529410039e+01 1.000000000000000000e+00 1.000000000000000000e+00 8.181818181818182323e-01
1.955882352941177071e+00 1.888045814705882037e+02 1.000000000000000000e+00 1.000000000000000000e+00 8.181818181818182323e-01
1.955882352941177071e+00 2.832068097058822786e+02 1.000000000000000000e+00 1.000000000000000000e+00 8.181818181818182323e-01
1.955882352941177071e+00 3.776090379411763820e+02 1.000000000000000000e+00 1.000000000000000000e+00 9.090909090909090606e-01
1.955882352941177071e+00 4.720112661764704853e+02 1.000000000000000000e+00 1.000000000000000000e+00 9.318181818181817677e-01
1.955882352941177071e+00 5.664134944117645318e+02 1.000000000000000000e+00 1.000000000000000000e+00 9.772727272727272929e-01
1.955882352941177071e+00 6.608157226470586920e+02 1.000000000000000000e+00 1.000000000000000000e+00 1.000000000000000000e+00
1.955882352941177071e+00 7.552179508823528522e+02 1.000000000000000000e+00 1.000000000000000000e+00 1.000000000000000000e+00
1.955882352941177071e+00 8.496201791176470124e+02 1.000000000000000000e+00 1.000000000000000000e+00 1.000000000000000000e+00
1.955882352941177071e+00 9.440224073529411726e+02 1.000000000000000000e+00 1.000000000000000000e+00 1.000000000000000000e+00
1.955882352941177071e+00 1.038424635588235333e+03 1.000000000000000000e+00 1.000000000000000000e+00 1.000000000000000000e+00
1.955882352941177071e+00 1.132826863823529493e+03 1.000000000000000000e+00 1.000000000000000000e+00 1.000000000000000000e+00
1.955882352941177071e+00 1.227229092058823653e+03 1.000000000000000000e+00 1.000000000000000000e+00 1.000000000000000000e+00
1.955882352941177071e+00 1.321631320294117813e+03 1.000000000000000000e+00 1.000000000000000000e+00 1.000000000000000000e+00
1.955882352941177071e+00 1.416033548529411974e+03 1.000000000000000000e+00 1.000000000000000000e+00 1.000000000000000000e+00
1.955882352941177071e+00 1.510435776764706134e+03 1.000000000000000000e+00 1.000000000000000000e+00 1.000000000000000000e+00
1.955882352941177071e+00 1.604838005000000294e+03 1.000000000000000000e+00 1.000000000000000000e+00 1.000000000000000000e+00
1.955882352941177071e+00 1.693995665000000372e+03 1.000000000000000000e+00 1.000000000000000000e+00 1.000000000000000000e+00
1.955882352941177071e+00 1.783153325000000223e+03 1.000000000000000000e+00 1.000000000000000000e+00 1.000000000000000000e+00
2.114705882352941657e+00 1.250000000000000297e-04 1.000000000000000000e+00 1.000000000000000000e+00 8.863636363636363535e-01
2.114705882352941657e+00 9.440235323529410039e+01 1.000000000000000000e+00 1.000000000000000000e+00 8.863636363636363535e-01
2.114705882352941657e+00 1.888045814705882037e+02 1.000000000000000000e+00 1.000000000000000000e+00 8.863636363636363535e-01
2.114705882352941657e+00 2.832068097058822786e+02 1.000000000000000000e+00 1.000000000000000000e+00 8.863636363636363535e-01
2.114705882352941657e+00 3.776090379411763820e+02 1.000000000000000000e+00 1.000000000000000000e+00 8.863636363636363535e-01
2.114705882352941657e+00 4.720112661764704853e+02 1.000000000000000000e+00 1.000000000000000000e+00 9.090909090909090606e-01
2.114705882352941657e+00 5.664134944117645318e+02 1.000000000000000000e+00 1.000000000000000000e+00 9.545454545454545858e-01
2.114705882352941657e+00 6.608157226470586920e+02 1.000000000000000000e+00 1.000000000000000000e+00 9.545454545454545858e-01
2.114705882352941657e+00 7.552179508823528522e+02 1.000000000000000000e+00 1.000000000000000000e+00 1.000000000000000000e+00
2.114705882352941657e+00 8.496201791176470124e+02 1.000000000000000000e+00 1.000000000000000000e+00 1.000000000000000000e+00
2.114705882352941657e+00 9.440224073529411726e+02 1.000000000000000000e+00 1.000000000000000000e+00 1.000000000000000000e+00
2.114705882352941657e+00 1.038424635588235333e+03 1.000000000000000000e+00 1.000000000000000000e+00 1.000000000000000000e+00
2.114705882352941657e+00 1.132826863823529493e+03 1.000000000000000000e+00 1.000000000000000000e+00 1.000000000000000000e+00
2.114705882352941657e+00 1.227229092058823653e+03 1.000000000000000000e+00 1.000000000000000000e+00 1.000000000000000000e+00
2.114705882352941657e+00 1.321631320294117813e+03 1.000000000000000000e+00 1.000000000000000000e+00 1.000000000000000000e+00
2.114705882352941657e+00 1.416033548529411974e+03 1.000000000000000000e+00 1.000000000000000000e+00 1.000000000000000000e+00
2.114705882352941657e+00 1.510435776764706134e+03 1.000000000000000000e+00 1.000000000000000000e+00 1.000000000000000000e+00
2.114705882352941657e+00 1.604838005000000294e+03 1.000000000000000000e+00 1.000000000000000000e+00 1.000000000000000000e+00
2.114705882352941657e+00 1.693995665000000372e+03 1.000000000000000000e+00 1.000000000000000000e+00 1.000000000000000000e+00
2.114705882352941657e+00 1.783153325000000223e+03 1.000000000000000000e+00 1.000000000000000000e+00 1.000000000000000000e+00
2.273529411764706243e+00 1.250000000000000297e-04 1.000000000000000000e+00 1.000000000000000000e+00 8.636363636363636465e-01
2.273529411764706243e+00 9.440235323529410039e+01 1.000000000000000000e+00 1.000000000000000000e+00 8.636363636363636465e-01
2.273529411764706243e+00 1.888045814705882037e+02 1.000000000000000000e+00 1.000000000000000000e+00 8.863636363636363535e-01
2.273529411764706243e+00 2.832068097058822786e+02 1.000000000000000000e+00 1.000000000000000000e+00 8.863636363636363535e-01
2.273529411764706243e+00 3.776090379411763820e+02 1.000000000000000000e+00 1.000000000000000000e+00 8.863636363636363535e-01
2.273529411764706243e+00 4.720112661764704853e+02 1.000000000000000000e+00 1.000000000000000000e+00 9.545454545454545858e-01
2.273529411764706243e+00 5.664134944117645318e+02 1.000000000000000000e+00 1.000000000000000000e+00 9.318181818181817677e-01
2.273529411764706243e+00 6.608157226470586920e+02 1.000000000000000000e+00 1.000000000000000000e+00 1.000000000000000000e+00
2.273529411764706243e+00 7.552179508823528522e+02 1.000000000000000000e+00 1.000000000000000000e+00 1.000000000000000000e+00
2.273529411764706243e+00 8.496201791176470124e+02 1.000000000000000000e+00 1.000000000000000000e+00 1.000000000000000000e+00
2.273529411764706243e+00 9.440224073529411726e+02 1.000000000000000000e+00 1.000000000000000000e+00 1.000000000000000000e+00
2.273529411764706243e+00 1.038424635588235333e+03 1.000000000000000000e+00 1.000000000000000000e+00 1.000000000000000000e+00
2.273529411764706243e+00 1.132826863823529493e+03 1.000000000000000000e+00 1.000000000000000000e+00 1.000000000000000000e+00
2.273529411764706243e+00 1.227229092058823653e+03 1.000000000000000000e+00 1.000000000000000000e+00 1.000000000000000000e+00
2.273529411764706243e+00 1.321631320294117813e+03 1.000000000000000000e+00 1.000000000000000000e+00 1.000000000000000000e+00
2.273529411764706243e+00 1.416033548529411974e+03 1.000000000000000000e+00 1.000000000000000000e+00 1.000000000000000000e+00
2.273529411764706243e+00 1.510435776764706134e+03 1.000000000000000000e+00 1.000000000000000000e+00 1.000000000000000000e+00
2.273529411764706243e+00 1.604838005000000294e+03 1.000000000000000000e+00 1.000000000000000000e+00 1.000000000000000000e+00
2.273529411764706243e+00 1.693995665000000372e+03 1.000000000000000000e+00 1.000000000000000000e+00 1.000000000000000000e+00
2.273529411764706243e+00 1.783153325000000223e+03 1.000000000000000000e+00 1.000000000000000000e+00 1.000000000000000000e+00
2.432352941176470829e+00 1.250000000000000297e-04 1.000000000000000000e+00 1.000000000000000000e+00 9.318181818181817677e-01
2.432352941176470829e+00 9.440235323529410039e+01 1.000000000000000000e+00 1.000000000000000000e+00 9.318181818181817677e-01
2.432352941176470829e+00 1.888045814705882037e+02 1.000000000000000000e+00 1.000000000000000000e+00 9.318181818181817677e-01
2.432352941176470829e+00 2.832068097058822786e+02 1.000000000000000000e+00 1.000000000000000000e+00 9.318181818181817677e-01
2.432352941176470829e+00 3.776090379411763820e+02 1.000000000000000000e+00 1.000000000000000000e+00 9.318181818181817677e-01
2.432352941176470829e+00 4.720112661764704853e+02 1.000000000000000000e+00 1.000000000000000000e+00 9.545454545454545858e-01
2.432352941176470829e+00 5.664134944117645318e+02 1.000000000000000000e+00 1.000000000000000000e+00 9.772727272727272929e-01
2.432352941176470829e+00 6.608157226470586920e+02 1.000000000000000000e+00 1.000000000000000000e+00 9.772727272727272929e-01
2.432352941176470829e+00 7.552179508823528522e+02 1.000000000000000000e+00 1.000000000000000000e+00 1.000000000000000000e+00
2.432352941176470829e+00 8.496201791176470124e+02 1.000000000000000000e+00 1.000000000000000000e+00 1.000000000000000000e+00
2.432352941176470829e+00 9.440224073529411726e+02 1.000000000000000000e+00 1.000000000000000000e+00 1.000000000000000000e+00
2.432352941176470829e+00 1.038424635588235333e+03 1.000000000000000000e+00 1.000000000000000000e+00 1.000000000000000000e+00
2.432352941176470829e+00 1.132826863823529493e+03 1.000000000000000000e+00 1.000000000000000000e+00 1.000000000000000000e+00
2.432352941176470829e+00 1.227229092058823653e+03 1.000000000000000000e+00 1.000000000000000000e+00 1.000000000000000000e+00
2.432352941176470829e+00 1.321631320294117813e+03 1.000000000000000000e+00 1.000000000000000000e+00 1.000000000000000000e+00
2.432352941176470829e+00 1.416033548529411974e+03 1.000000000000000000e+00 1.000000000000000000e+00 1.000000000000000000e+00
2.432352941176470829e+00 1.510435776764706134e+03 1.000000000000000000e+00 1.000000000000000000e+00 1.000000000000000000e+00
2.432352941176470829e+00 1.604838005000000294e+03 1.000000000000000000e+00 1.000000000000000000e+00 1.000000000000000000e+00
2.432352941176470829e+00 1.693995665000000372e+03 1.000000000000000000e+00 1.000000000000000000e+00 1.000000000000000000e+00
2.432352941176470829e+00 1.783153325000000223e+03 1.000000000000000000e+00 1.000000000000000000e+00 1.000000000000000000e+00
2.591176470588235414e+00 1.250000000000000297e-04 1.000000000000000000e+00 1.000000000000000000e+00 9.318181818181817677e-01
2.591176470588235414e+00 9.440235323529410039e+01 1.000000000000000000e+00 1.000000000000000000e+00 9.318181818181817677e-01
2.591176470588235414e+00 1.888045814705882037e+02 1.000000000000000000e+00 1.000000000000000000e+00 9.318181818181817677e-01
2.591176470588235414e+00 2.832068097058822786e+02 1.000000000000000000e+00 1.000000000000000000e+00 9.318181818181817677e-01
2.591176470588235414e+00 3.776090379411763820e+02 1.000000000000000000e+00 1.000000000000000000e+00 9.318181818181817677e-01
2.591176470588235414e+00 4.720112661764704853e+02 1.000000000000000000e+00 1.000000000000000000e+00 9.545454545454545858e-01
2.591176470588235414e+00 5.664134944117645318e+02 1.000000000000000000e+00 1.000000000000000000e+00 9.772727272727272929e-01
2.591176470588235414e+00 6.608157226470586920e+02 1.000000000000000000e+00 1.000000000000000000e+00 1.000000000000000000e+00
2.591176470588235414e+00 7.552179508823528522e+02 1.000000000000000000e+00 1.000000000000000000e+00 1.000000000000000000e+00
2.591176470588235414e+00 8.496201791176470124e+02 1.000000000000000000e+00 1.000000000000000000e+00 1.000000000000000000e+00
2.591176470588235414e+00 9.440224073529411726e+02 1.000000000000000000e+00 1.000000000000000000e+00 1.000000000000000000e+00
2.591176470588235414e+00 1.038424635588235333e+03 1.000000000000000000e+00 1.000000000000000000e+00 1.000000000000000000e+00
2.591176470588235414e+00 1.132826863823529493e+03 1.000000000000000000e+00 1.000000000000000000e+00 1.000000000000000000e+00
2.591176470588235414e+00 1.227229092058823653e+03 1.000000000000000000e+00 1.000000000000000000e+00 1.000000000000000000e+00
2.591176470588235414e+00 1.321631320294117813e+03 1.000000000000000000e+00 1.000000000000000000e+00 1.000000000000000000e+00
2.591176470588235414e+00 1.416033548529411974e+03 1.000000000000000000e+00 1.000000000000000000e+00 1.000000000000000000e+00
2.591176470588235414e+00 1.510435776764706134e+03 1.000000000000000000e+00 1.000000000000000000e+00 1.000000000000000000e+00
2.591176470588235414e+00 1.604838005000000294e+03 1.000000000000000000e+00 1.000000000000000000e+00 1.000000000000000000e+00
2.591176470588235414e+00 1.693995665000000372e+03 1.000000000000000000e+00 1.000000000000000000e+00 1.000000000000000000e+00
2.591176470588235414e+00 1.783153325000000223e+03 1.000000000000000000e+00 1.000000000000000000e+00 1.000000000000000000e+00
2.750000000000000000e+00 1.250000000000000297e-04 1.000000000000000000e+00 1.000000000000000000e+00 9.318181818181817677e-01
2.750000000000000000e+00 9.440235323529410039e+01 1.000000000000000000e+00 1.000000000000000000e+00 9.318181818181817677e-01
2.750000000000000000e+00 1.888045814705882037e+02 1.000000000000000000e+00 1.000000000000000000e+00 9.318181818181817677e-01
2.750000000000000000e+00 2.832068097058822786e+02 1.000000000000000000e+00 1.000000000000000000e+00 9.318181818181817677e-01
2.750000000000000000e+00 3.776090379411763820e+02 1.000000000000000000e+00 1.000000000000000000e+00 9.545454545454545858e-01
2.750000000000000000e+00 4.720112661764704853e+02 1.000000000000000000e+00 1.000000000000000000e+00 9.545454545454545858e-01
2.750000000000000000e+00 5.664134944117645318e+02 1.000000000000000000e+00 1.000000000000000000e+00 9.545454545454545858e-01
2.750000000000000000e+00 6.608157226470586920e+02 1.000000000000000000e+00 1.000000000000000000e+00 1.000000000000000000e+00
2.750000000000000000e+00 7.552179508823528522e+02 1.000000000000000000e+00 1.000000000000000000e+00 1.000000000000000000e+00
2.750000000000000000e+00 8.496201791176470124e+02 1.000000000000000000e+00 1.000000000000000000e+00 9.772727272727272929e-01
2.750000000000000000e+00 9.440224073529411726e+02 1.000000000000000000e+00 1.000000000000000000e+00 1.000000000000000000e+00
2.750000000000000000e+00 1.038424635588235333e+03 1.000000000000000000e+00 1.000000000000000000e+00 1.000000000000000000e+00
2.750000000000000000e+00 1.132826863823529493e+03 1.000000000000000000e+00 1.000000000000000000e+00 1.000000000000000000e+00
2.750000000000000000e+00 1.227229092058823653e+03 1.000000000000000000e+00 1.000000000000000000e+00 1.000000000000000000e+00
2.750000000000000000e+00 1.321631320294117813e+03 1.000000000000000000e+00 1.000000000000000000e+00 1.000000000000000000e+00
2.750000000000000000e+00 1.416033548529411974e+03 1.000000000000000000e+00 1.000000000000000000e+00 1.000000000000000000e+00
2.750000000000000000e+00 1.510435776764706134e+03 1.000000000000000000e+00 1.000000000000000000e+00 1.000000000000000000e+00
2.750000000000000000e+00 1.604838005000000294e+03 1.000000000000000000e+00 1.000000000000000000e+00 1.000000000000000000e+00
2.750000000000000000e+00 1.693995665000000372e+03 1.000000000000000000e+00 1.000000000000000000e+00 1.000000000000000000e+00
2.750000000000000000e+00 1.783153325000000223e+03 1.000000000000000000e+00 1.000000000000000000e+00 1.000000000000000000e+00
2.899999999999999911e+00 1.250000000000000297e-04 1.000000000000000000e+00 1.000000000000000000e+00 9.772727272727272929e-01
2.899999999999999911e+00 9.440235323529410039e+01 1.000000000000000000e+00 1.000000000000000000e+00 9.772727272727272929e-01
2.899999999999999911e+00 1.888045814705882037e+02 1.000000000000000000e+00 1.000000000000000000e+00 9.772727272727272929e-01
2.899999999999999911e+00 2.832068097058822786e+02 1.000000000000000000e+00 1.000000000000000000e+00 9.772727272727272929e-01
2.899999999999999911e+00 3.776090379411763820e+02 1.000000000000000000e+00 1.000000000000000000e+00 1.000000000000000000e+00
2.899999999999999911e+00 4.720112661764704853e+02 1.000000000000000000e+00 1.000000000000000000e+00 1.000000000000000000e+00
2.899999999999999911e+00 5.664134944117645318e+02 1.000000000000000000e+00 1.000000000000000000e+00 1.000000000000000000e+00
2.899999999999999911e+00 6.608157226470586920e+02 1.000000000000000000e+00 1.000000000000000000e+00 1.000000000000000000e+00
2.899999999999999911e+00 7.552179508823528522e+02 1.000000000000000000e+00 1.000000000000000000e+00 1.000000000000000000e+00
2.899999999999999911e+00 8.496201791176470124e+02 1.000000000000000000e+00 1.000000000000000000e+00 1.000000000000000000e+00
2.899999999999999911e+00 9.440224073529411726e+02 1.000000000000000000e+00 1.000000000000000000e+00 1.000000000000000000e+00
2.899999999999999911e+00 1.038424635588235333e+03 1.000000000000000000e+00 1.000000000000000000e+00 1.000000000000000000e+00
2.899999999999999911e+00 1.132826863823529493e+03 1.000000000000000000e+00 1.000000000000000000e+00 1.000000000000000000e+00
2.899999999999999911e+00 1.227229092058823653e+03 1.000000000000000000e+00 1.000000000000000000e+00 1.000000000000000000e+00
2.899999999999999911e+00 1.321631320294117813e+03 1.000000000000000000e+00 1.000000000000000000e+00 1.000000000000000000e+00
2.899999999999999911e+00 1.416033548529411974e+03 1.000000000000000000e+00 1.000000000000000000e+00 1.000000000000000000e+00
2.899999999999999911e+00 1.510435776764706134e+03 1.000000000000000000e+00 1.000000000000000000e+00 1.000000000000000000e+00
2.899999999999999911e+00 1.604838005000000294e+03 1.000000000000000000e+00 1.000000000000000000e+00 1.000000000000000000e+00
2.899999999999999911e+00 1.693995665000000372e+03 1.000000000000000000e+00 1.000000000000000000e+00 1.000000000000000000e+00
2.899999999999999911e+00 1.783153325000000223e+03 1.000000000000000000e+00 1.000000000000000000e+00 1.000000000000000000e+00
3.049999999999999822e+00 1.250000000000000297e-04 1.000000000000000000e+00 1.000000000000000000e+00 9.545454545454545858e-01
3.049999999999999822e+00 9.440235323529410039e+01 1.000000000000000000e+00 1.000000000000000000e+00 9.545454545454545858e-01
3.049999999999999822e+00 1.888045814705882037e+02 1.000000000000000000e+00 1.000000000000000000e+00 9.545454545454545858e-01
3.049999999999999822e+00 2.832068097058822786e+02 1.000000000000000000e+00 1.000000000000000000e+00 9.545454545454545858e-01
3.049999999999999822e+00 3.776090379411763820e+02 1.000000000000000000e+00 1.000000000000000000e+00 1.000000000000000000e+00
3.049999999999999822e+00 4.720112661764704853e+02 1.000000000000000000e+00 1.000000000000000000e+00 1.000000000000000000e+00
3.049999999999999822e+00 5.664134944117645318e+02 1.000000000000000000e+00 1.000000000000000000e+00 1.000000000000000000e+00
3.049999999999999822e+00 6.608157226470586920e+02 1.000000000000000000e+00 1.000000000000000000e+00 1.000000000000000000e+00
3.049999999999999822e+00 7.552179508823528522e+02 1.000000000000000000e+00 1.000000000000000000e+00 1.000000000000000000e+00
3.049999999999999822e+00 8.496201791176470124e+02 1.000000000000000000e+00 1.000000000000000000e+00 1.000000000000000000e+00
3.049999999999999822e+00 9.440224073529411726e+02 1.000000000000000000e+00 1.000000000000000000e+00 1.000000000000000000e+00
3.049999999999999822e+00 1.038424635588235333e+03 1.000000000000000000e+00 1.000000000000000000e+00 1.000000000000000000e+00
3.049999999999999822e+00 1.132826863823529493e+03 1.000000000000000000e+00 1.000000000000000000e+00 1.000000000000000000e+00
3.049999999999999822e+00 1.227229092058823653e+03 1.000000000000000000e+00 1.000000000000000000e+00 1.000000000000000000e+00
3.049999999999999822e+00 1.321631320294117813e+03 1.000000000000000000e+00 1.000000000000000000e+00 1.000000000000000000e+00
3.049999999999999822e+00 1.416033548529411974e+03 1.000000000000000000e+00 1.000000000000000000e+00 1.000000000000000000e+00
3.049999999999999822e+00 1.510435776764706134e+03 1.000000000000000000e+00 1.000000000000000000e+00 1.000000000000000000e+00
3.049999999999999822e+00 1.604838005000000294e+03 1.000000000000000000e+00 1.000000000000000000e+00 1.000000000000000000e+00
3.049999999999999822e+00 1.693995665000000372e+03 1.000000000000000000e+00 1.000000000000000000e+00 1.000000000000000000e+00
3.049999999999999822e+00 1.783153325000000223e+03 1.000000000000000000e+00 1.000000000000000000e+00 1.000000000000000000e+00
